ours: 640 480 514.817 515.375 318.771 238.447 0.0 0.0 0.0 0.0 0.0 1000 10
tum: 640 480 525.0 525.0 319.5 239.5 0.0 0.0 0.0 0.0 0.0 5000 10
icl: 640 480 481.20 -480.00 319.50 239.50 0.0 0.0 0.0 0.0 0.0 5000 10
bundlefusion: 640 480 583 583 320 240 0.0 0.0 0.0 0.0 0.0 1000 10
oppo: 1920 1080 914.494141 914.377991 958.065430 548.986206 0.0 0.0 0.0 0.0 0.0 1000 10
oppo truncated: 640 480 914.494 914.378 319.355 243.994 0.0 0.0 0.0 0.0 0.0 1000 10
oppo truncated (960-540): 960 540 914.494 914.378 479.033 274.493 0.0 0.0 0.0 0.0 0.0 1000 10
